  
       Polar tabelada
  
	   Re = 1e6
  
  
  
  
  
  
   alpha    CL        CD       CDp       CM    
  ------ -------- --------- --------- --------
	-4	-0.082		0.006		0		-0.0934
	-3	0.047		0.0088		0		-0.1002
	-2	0.157		0.009		0		-0.1024
	-1	0.267		0.0092		0		-0.1045
	0	0.377		0.0095		0		-0.1067
	1	0.485		0.0098		0		-0.1083
	2	0.593		0.0101		0		-0.1097
	3	0.7			0.0105		0		-0.1111
	4	0.807		0.0109		0		-0.1123
	5	0.913		0.0113		0		-0.1134
	6	1.019		0.0118		0		-0.1143
	7	1.124		0.0124		0		-0.1148
	8	1.228		0.0132		0		-0.1151
	9	1.33		0.014		0		-0.115
	10	1.43		0.015		0		-0.1145
	11	1.458		0.0225		0		-0.0989