  
       Polar tabelada
  
	   Re = 1e6
  
  
  
  
  
  
   alpha    CL        CD       CDp       CM    
  ------ -------- --------- --------- --------
	-3	  -0.056	0.0109	 0        -0.0781
	-2	   0.028	0.0085	 0        -0.0772
	-1	   0.138	0.0086	 0        -0.0803
	0	   0.248	0.0087	 0        -0.0833
	1	   0.358	0.009	 0	      -0.0863
	2	   0.464	0.0093	 0	      -0.0883
	3	   0.57	    0.0096	 0        -0.0903
	4	   0.676	0.0099	 0	      -0.0921
	5	   0.781	0.0102	 0	      -0.0937
	6	   0.885	0.0107	 0	      -0.095
	7	   0.988	0.0113	 0		  -0.0959
	8	   1.08	    0.0136	 0		  -0.0944
	9	   1.157	0.0173	 0		  -0.0898
	10	   1.224	0.0201	 0		  -0.0839
	11	   1.256	0.0222	 0		  -0.0731
